40 40
0.89 4.36 4.40 5.35 4.35 2.97 2.62 -1000.00 -1000.00 -1000.00 -1000.00 -1000.00 -1000.00 -1000.00 -1000.00 -1000.00 -1000.00 -1000.00 -1000.00 -1000.00 0.31 2.05 3.43 3.23 2.34 2.30 0.92 -1000.00 -1000.00 -1000.00 -1000.00 -1000.00 -1000.00 -1000.00 -1000.00 -1000.00 -1000.00 -1000.00 -1000.00 -1000.00 
6.47 9.91 10.13 11.64 10.60 9.50 6.29 4.09 -1000.00 -1000.00 -1000.00 -1000.00 -1000.00 -1000.00 -1000.00 -1000.00 -1000.00 -1000.00 -1000.00 1.36 3.21 5.46 6.54 5.14 6.60 4.90 2.68 1.18 -1000.00 -1000.00 -1000.00 -1000.00 -1000.00 -1000.00 -1000.00 -1000.00 -1000.00 -1000.00 -1000.00 -1000.00 
11.42 14.81 15.66 15.77 15.00 13.94 10.22 6.93 4.25 -1000.00 -1000.00 -1000.00 -1000.00 -1000.00 -1000.00 -1000.00 -1000.00 -1000.00 2.60 4.73 5.53 7.66 8.38 9.52 8.66 7.92 6.06 3.11 1.67 -1000.00 -1000.00 -1000.00 -1000.00 -1000.00 -1000.00 -1000.00 -1000.00 -1000.00 -1000.00 -1000.00 
16.16 19.70 21.74 21.76 21.77 19.11 15.01 11.47 5.82 1.50 -1000.00 -1000.00 -1000.00 -1000.00 -1000.00 -1000.00 -1000.00 1.64 4.17 5.66 7.73 10.97 11.21 12.37 12.43 10.36 8.59 6.72 3.39 1.72 -1000.00 -1000.00 -1000.00 -1000.00 -1000.00 -1000.00 -1000.00 -1000.00 -1000.00 -1000.00 
18.63 23.78 26.80 28.56 26.40 22.58 19.73 14.87 8.26 4.51 -1000.00 -1000.00 -1000.00 -1000.00 -1000.00 -1000.00 -1000.00 2.31 4.71 7.82 9.75 13.09 13.91 14.89 13.74 11.89 9.74 7.70 4.68 1.37 -1000.00 -1000.00 -1000.00 -1000.00 -1000.00 -1000.00 -1000.00 -1000.00 -1000.00 -1000.00 
22.11 25.64 30.25 33.28 31.51 27.40 22.16 16.33 10.31 5.59 -1000.00 -1000.00 -1000.00 -1000.00 -1000.00 -1000.00 -1000.00 2.49 5.29 8.10 11.68 13.78 16.06 18.46 16.01 14.88 10.84 9.12 4.85 3.65 -1000.00 -1000.00 -1000.00 -1000.00 -1000.00 -1000.00 -1000.00 -1000.00 -1000.00 -1000.00 
21.30 27.79 32.64 38.32 33.89 28.21 22.51 17.58 11.38 6.07 0.00 -1000.00 -1000.00 -1000.00 -1000.00 -1000.00 0.00 3.04 5.16 8.14 11.41 14.92 18.64 21.15 18.51 14.10 11.32 10.00 5.41 3.78 0.00 -1000.00 -1000.00 -1000.00 -1000.00 -1000.00 -1000.00 -1000.00 -1000.00 -1000.00 
22.29 25.54 31.73 32.44 30.00 27.28 21.48 15.32 9.87 4.87 -1000.00 -1000.00 -1000.00 -1000.00 -1000.00 -1000.00 -1000.00 3.58 6.34 8.35 11.62 14.45 16.66 18.37 15.96 14.35 12.03 8.24 6.69 2.91 -1000.00 -1000.00 -1000.00 -1000.00 -1000.00 -1000.00 -1000.00 -1000.00 -1000.00 -1000.00 
19.59 23.64 26.69 26.81 26.93 23.81 19.69 14.77 9.62 4.71 -1000.00 -1000.00 -1000.00 -1000.00 -1000.00 -1000.00 -1000.00 2.51 5.65 8.55 10.52 12.51 13.62 15.66 15.07 11.67 10.48 7.08 5.10 1.48 -1000.00 -1000.00 -1000.00 0.40 -1000.00 -1000.00 -1000.00 -1000.00 -1000.00 -1000.00 
14.93 18.49 20.76 21.34 21.56 18.28 15.60 11.12 7.43 1.18 -1000.00 -1000.00 -1000.00 -1000.00 -1000.00 -1000.00 -1000.00 0.97 3.95 5.23 8.22 10.37 12.40 11.90 11.19 10.88 8.14 5.01 3.20 1.07 2.47 3.63 6.01 6.13 5.62 3.77 2.22 -1000.00 -1000.00 -1000.00 
10.46 14.27 15.04 16.47 16.35 14.37 11.37 7.15 2.68 -1000.00 -1000.00 -1000.00 -1000.00 -1000.00 -1000.00 -1000.00 -1000.00 -1000.00 2.01 4.28 6.46 7.24 9.11 8.40 9.47 7.95 6.31 3.54 1.86 2.85 6.73 10.71 12.09 11.52 10.94 9.68 7.36 3.87 -1000.00 -1000.00 
6.82 8.54 11.10 10.67 10.21 8.34 7.46 2.32 -1000.00 -1000.00 -1000.00 -1000.00 -1000.00 -1000.00 -1000.00 -1000.00 -1000.00 -1000.00 -1000.00 2.45 3.17 4.22 5.58 6.92 6.54 5.37 3.91 1.03 4.05 8.05 12.88 16.47 18.57 19.22 17.14 16.17 12.42 7.87 4.49 -1000.00 
2.44 4.50 5.09 5.70 4.41 3.30 2.35 -1000.00 -1000.00 -1000.00 -1000.00 -1000.00 -1000.00 -1000.00 -1000.00 -1000.00 -1000.00 -1000.00 -1000.00 -1000.00 0.86 1.95 3.45 2.99 2.33 1.39 1.24 2.25 6.48 12.53 16.98 21.60 24.11 24.01 23.10 20.92 16.24 11.61 6.93 1.45 
-1000.00 -1000.00 -1000.00 0.86 -1000.00 -1000.00 -1000.00 -1000.00 -1000.00 -1000.00 -1000.00 -1000.00 -1000.00 -1000.00 -1000.00 -1000.00 -1000.00 -1000.00 -1000.00 -1000.00 -1000.00 -1000.00 -1000.00 0.82 -1000.00 -1000.00 -1000.00 4.41 10.63 16.22 20.92 25.38 29.15 31.14 29.58 25.23 20.23 14.73 9.17 4.46 
-1000.00 -1000.00 -1000.00 -1000.00 -1000.00 -1000.00 -1000.00 -1000.00 -1000.00 0.00 -1000.00 -1000.00 -1000.00 -1000.00 -1000.00 -1000.00 -1000.00 -1000.00 -1000.00 -1000.00 -1000.00 -1000.00 -1000.00 -1000.00 -1000.00 -1000.00 -1000.00 5.23 11.38 16.92 23.51 30.24 34.60 36.52 34.75 29.89 23.63 17.05 12.48 5.91 
-1000.00 -1000.00 -1000.00 -1000.00 -1000.00 -1000.00 1.46 2.72 4.61 4.75 5.15 3.10 0.92 -1000.00 -1000.00 -1000.00 -1000.00 -1000.00 -1000.00 -1000.00 -1000.00 -1000.00 -1000.00 -1000.00 -1000.00 -1000.00 0.00 6.62 12.61 19.46 24.33 31.62 36.26 42.97 36.00 31.39 25.21 18.08 11.56 6.90 
-1000.00 -1000.00 -1000.00 -1000.00 -1000.00 3.36 4.82 7.80 10.28 10.21 8.73 7.85 6.45 2.11 -1000.00 -1000.00 -1000.00 -1000.00 -1000.00 -1000.00 -1000.00 -1000.00 -1000.00 -1000.00 -1000.00 -1000.00 -1000.00 4.85 11.48 17.34 23.97 29.98 33.70 36.09 33.54 29.28 24.22 18.12 11.60 4.89 
-1000.00 -1000.00 -1000.00 -1000.00 3.10 6.73 9.85 12.57 13.81 14.30 14.86 12.33 9.13 6.80 2.97 -1000.00 -1000.00 -1000.00 -1000.00 -1000.00 -1000.00 -1000.00 -1000.00 -1000.00 -1000.00 -1000.00 -1000.00 4.40 10.15 15.05 21.58 24.85 28.56 31.67 28.71 25.68 20.38 16.24 9.54 3.88 
-1000.00 -1000.00 -1000.00 2.19 5.41 10.42 13.82 15.69 18.30 20.14 19.04 17.29 13.12 9.23 5.12 1.65 -1000.00 -1000.00 -1000.00 -1000.00 -1000.00 -1000.00 -1000.00 -1000.00 -1000.00 -1000.00 -1000.00 1.02 7.56 12.89 17.44 20.33 23.46 24.29 23.52 20.39 16.77 12.39 6.52 1.91 
-1000.00 -1000.00 -1000.00 2.34 7.67 12.14 16.23 20.90 22.84 24.78 23.43 21.26 16.99 13.00 8.30 2.93 -1000.00 -1000.00 -1000.00 -1000.00 -1000.00 -1000.00 -1000.00 -1000.00 -1000.00 -1000.00 -1000.00 -1000.00 3.97 7.29 12.39 16.27 17.97 18.78 17.77 15.38 12.05 8.72 4.28 -1000.00 
-1000.00 -1000.00 0.36 3.80 8.37 13.21 19.16 22.70 27.58 29.77 27.48 22.33 17.80 13.69 8.83 4.80 -1000.00 -1000.00 -1000.00 -1000.00 -1000.00 -1000.00 -1000.00 -1000.00 -1000.00 -1000.00 -1000.00 -1000.00 -1000.00 4.39 6.57 9.64 12.05 13.09 12.02 9.58 7.98 3.05 -1000.00 -1000.00 
2.90 4.87 5.66 5.70 9.58 15.42 20.06 25.34 28.84 35.12 29.48 25.35 19.57 14.79 10.67 5.50 0.63 -1000.00 -1000.00 -1000.00 -1000.00 -1000.00 -1000.00 -1000.00 -1000.00 -1000.00 -1000.00 -1000.00 -1000.00 -1000.00 1.99 4.48 6.64 7.04 5.30 4.91 1.98 -1000.00 -1000.00 -1000.00 
8.84 10.60 11.16 9.61 9.52 13.42 19.52 23.65 27.17 29.60 27.54 23.61 18.87 13.38 9.46 3.56 -1000.00 -1000.00 -1000.00 -1000.00 -1000.00 -1000.00 -1000.00 -1000.00 -1000.00 -1000.00 -1000.00 -1000.00 -1000.00 -1000.00 -1000.00 -1000.00 -1000.00 0.40 -1000.00 -1000.00 -1000.00 -1000.00 -1000.00 -1000.00 
13.44 15.93 15.94 15.24 12.51 13.00 16.89 19.71 22.82 24.29 22.36 20.86 16.77 13.00 8.07 3.20 -1000.00 -1000.00 -1000.00 -1000.00 -1000.00 -1000.00 -1000.00 -1000.00 -1000.00 -1000.00 -1000.00 -1000.00 -1000.00 -1000.00 -1000.00 -1000.00 -1000.00 -1000.00 -1000.00 -1000.00 -1000.00 -1000.00 -1000.00 -1000.00 
17.96 21.35 20.33 20.64 17.45 14.89 14.35 16.54 19.49 20.48 19.59 17.15 13.17 9.86 5.16 1.38 -1000.00 -1000.00 -1000.00 -1000.00 -1000.00 -1000.00 -1000.00 -1000.00 -1000.00 -1000.00 -1000.00 -1000.00 -1000.00 -1000.00 -1000.00 -1000.00 -1000.00 -1000.00 -1000.00 -1000.00 -1000.00 -1000.00 -1000.00 -1000.00 
23.03 25.20 27.29 26.20 22.04 18.54 12.92 12.90 13.75 14.81 14.19 12.62 9.17 6.53 2.64 -1000.00 -1000.00 -1000.00 -1000.00 -1000.00 -1000.00 -1000.00 -1000.00 -1000.00 -1000.00 -1000.00 -1000.00 -1000.00 -1000.00 -1000.00 -1000.00 -1000.00 -1000.00 -1000.00 -1000.00 -1000.00 -1000.00 -1000.00 -1000.00 -1000.00 
25.58 30.46 31.25 29.84 26.00 20.10 15.55 10.44 9.50 9.91 9.43 7.39 4.76 2.61 -1000.00 -1000.00 -1000.00 -1000.00 -1000.00 -1000.00 -1000.00 -1000.00 -1000.00 -1000.00 -1000.00 -1000.00 -1000.00 -1000.00 -1000.00 -1000.00 -1000.00 -1000.00 -1000.00 -1000.00 -1000.00 -1000.00 -1000.00 -1000.00 -1000.00 -1000.00 
25.54 32.67 37.33 32.37 27.30 22.08 15.81 11.20 6.24 4.21 5.25 3.04 2.23 -1000.00 -1000.00 -1000.00 -1000.00 -1000.00 -1000.00 -1000.00 -1000.00 -1000.00 -1000.00 -1000.00 -1000.00 -1000.00 -1000.00 -1000.00 -1000.00 -1000.00 -1000.00 -1000.00 -1000.00 -1000.00 -1000.00 -1000.00 -1000.00 -1000.00 -1000.00 -1000.00 
25.76 29.58 31.37 30.52 24.51 21.09 15.51 10.52 5.71 0.00 -1000.00 -1000.00 -1000.00 -1000.00 -1000.00 -1000.00 -1000.00 0.00 -1000.00 -1000.00 -1000.00 -1000.00 -1000.00 -1000.00 -1000.00 -1000.00 -1000.00 -1000.00 -1000.00 -1000.00 -1000.00 -1000.00 -1000.00 -1000.00 -1000.00 -1000.00 -1000.00 -1000.00 -1000.00 -1000.00 
21.46 24.68 26.77 24.62 21.38 17.46 14.30 7.59 2.90 -1000.00 -1000.00 -1000.00 -1000.00 -1000.00 1.09 4.21 6.12 7.18 5.02 4.52 0.99 -1000.00 -1000.00 -1000.00 -1000.00 -1000.00 -1000.00 -1000.00 -1000.00 -1000.00 -1000.00 -1000.00 -1000.00 -1000.00 -1000.00 -1000.00 -1000.00 -1000.00 -1000.00 -1000.00 
17.79 20.35 21.09 19.94 17.49 15.45 10.74 5.58 0.62 -1000.00 -1000.00 -1000.00 -1000.00 3.65 8.05 10.76 11.78 13.69 11.14 10.30 6.82 4.11 -1000.00 -1000.00 -1000.00 -1000.00 -1000.00 -1000.00 -1000.00 -1000.00 -1000.00 -1000.00 -1000.00 -1000.00 -1000.00 -1000.00 -1000.00 -1000.00 -1000.00 -1000.00 
13.81 14.92 16.69 15.55 13.09 9.71 7.66 3.77 -1000.00 -1000.00 -1000.00 -1000.00 4.19 8.89 13.50 15.67 18.77 18.64 18.88 15.42 12.88 7.63 2.99 -1000.00 -1000.00 -1000.00 -1000.00 -1000.00 -1000.00 -1000.00 -1000.00 -1000.00 -1000.00 -1000.00 -1000.00 -1000.00 -1000.00 -1000.00 -1000.00 -1000.00 
7.88 9.57 9.88 10.26 7.68 6.98 4.06 -1000.00 -1000.00 -1000.00 -1000.00 0.96 8.27 12.63 17.02 21.72 23.70 25.56 24.31 22.18 18.35 12.75 7.58 2.31 -1000.00 -1000.00 -1000.00 -1000.00 -1000.00 -1000.00 -1000.00 -1000.00 -1000.00 -1000.00 -1000.00 -1000.00 -1000.00 -1000.00 -1000.00 -1000.00 
3.03 4.39 5.57 4.94 2.62 2.41 -1000.00 -1000.00 -1000.00 -1000.00 -1000.00 3.98 9.66 16.09 21.35 26.09 30.60 32.03 30.12 26.02 21.95 15.71 9.68 4.81 -1000.00 -1000.00 -1000.00 -1000.00 -1000.00 -1000.00 -1000.00 -1000.00 -1000.00 -1000.00 -1000.00 -1000.00 -1000.00 -1000.00 -1000.00 -1000.00 
-1000.00 -1000.00 0.00 -1000.00 -1000.00 -1000.00 -1000.00 -1000.00 -1000.00 -1000.00 -1000.00 6.19 11.10 18.95 25.06 30.44 35.10 38.42 35.51 30.93 23.86 17.77 11.21 5.85 -1000.00 -1000.00 -1000.00 -1000.00 -1000.00 -1000.00 -1000.00 -1000.00 -1000.00 -1000.00 -1000.00 -1000.00 -1000.00 -1000.00 -1000.00 -1000.00 
-1000.00 -1000.00 -1000.00 -1000.00 -1000.00 -1000.00 -1000.00 -1000.00 -1000.00 -1000.00 0.78 6.57 12.76 19.68 26.31 32.21 37.77 44.15 37.17 30.78 24.40 19.02 12.28 6.76 0.64 -1000.00 -1000.00 -1000.00 -1000.00 -1000.00 -1000.00 -1000.00 -1000.00 -1000.00 -1000.00 -1000.00 -1000.00 -1000.00 -1000.00 -1000.00 
-1000.00 -1000.00 -1000.00 -1000.00 -1000.00 -1000.00 -1000.00 -1000.00 -1000.00 -1000.00 -1000.00 5.84 12.00 17.42 23.74 30.20 36.30 37.17 34.62 29.73 24.78 18.48 11.25 6.74 -1000.00 -1000.00 -1000.00 -1000.00 -1000.00 -1000.00 -1000.00 -1000.00 -1000.00 -1000.00 -1000.00 -1000.00 -1000.00 -1000.00 -1000.00 -1000.00 
-1000.00 -1000.00 -1000.00 -1000.00 -1000.00 -1000.00 -1000.00 -1000.00 -1000.00 -1000.00 -1000.00 5.02 9.58 16.00 22.06 27.03 29.25 31.89 30.71 26.97 22.39 15.24 10.82 5.18 -1000.00 -1000.00 -1000.00 -1000.00 -1000.00 -1000.00 -1000.00 -1000.00 -1000.00 -1000.00 -1000.00 -1000.00 -1000.00 -1000.00 -1000.00 -1000.00 
-1000.00 -1000.00 -1000.00 -1000.00 -1000.00 -1000.00 -1000.00 -1000.00 -1000.00 -1000.00 -1000.00 1.06 6.97 12.17 18.12 20.74 24.85 24.94 23.71 22.42 18.02 11.89 8.38 2.54 -1000.00 -1000.00 -1000.00 -1000.00 -1000.00 -1000.00 -1000.00 -1000.00 -1000.00 -1000.00 -1000.00 -1000.00 -1000.00 -1000.00 -1000.00 -1000.00 
-1000.00 -1000.00 -1000.00 -1000.00 -1000.00 -1000.00 -1000.00 -1000.00 -1000.00 -1000.00 -1000.00 -1000.00 3.47 8.91 12.61 15.91 18.57 18.69 18.46 15.30 11.86 8.28 3.06 -1000.00 -1000.00 -1000.00 -1000.00 -1000.00 -1000.00 -1000.00 -1000.00 -1000.00 -1000.00 -1000.00 -1000.00 -1000.00 -1000.00 -1000.00 -1000.00 -1000.00 
